27  40 
0.00000      0.10000      0.60000      1.10000      1.60000      2.10000      2.60000      3.10000      3.60000      4.10000      4.60000      5.10000      5.60000      6.10000      6.60000      7.10000      7.60000      8.10000      8.60000      9.10000      9.60000     10.10000     10.60000     11.10000     11.60000     12.10000     12.60000     13.10000 
10.10000     -4.00000     -4.00000     -4.00000     -4.00000     -4.00000     -4.00000     -4.00000     -4.00000     -4.00000     -4.00000     -4.00000     -4.00000     -4.00000     -4.00000     -4.00000     -4.00000     -4.00000     -4.00000     -4.00000     -4.00000     -4.00000     -4.00000     -4.00000     -4.00000     -4.00000     -4.00000     -4.00000 
10.20000      2.16454      1.63166      1.38161      1.22578      1.11622      1.03743      0.97288      0.91960      0.87304      0.64336      0.59078     -0.05154     -0.05112     -0.10846     -0.14331     -0.20632     -0.23719     -0.25395     -0.25509     -0.28686     -0.29226     -0.31065     -0.32819     -0.32709     -0.33786     -0.35035     -0.37303 
10.30000      1.92610      1.59079      1.33895      1.11672      0.90185      0.78270      0.70208      0.16523      0.08322      0.00136     -0.07498     -0.13094     -0.15804     -0.20181     -0.23588     -0.28115     -0.31123     -0.32287     -0.36510     -0.37901     -0.41965     -0.43682     -0.46011     -0.46359     -0.46099     -0.47512     -0.48988 
10.40000      1.90608      1.46074      1.29431      1.00747      0.84300      0.30171      0.17254      0.08015      0.00601     -0.03890     -0.11380     -0.16941     -0.19155     -0.23995     -0.26335     -0.32425     -0.35860     -0.39568     -0.43714     -0.46575     -0.48838     -0.53618     -0.57532     -0.58086     -0.62254     -0.65483     -0.69196 
10.50000      2.03466      1.42935      1.21956      1.04259      0.85428      0.75279      0.23456      0.09383      0.03883     -0.02153     -0.08785     -0.16269     -0.18601     -0.21430     -0.24761     -0.29900     -0.33800     -0.35489     -0.37392     -0.45221     -0.48795     -0.50143     -0.53452     -0.54331     -0.60287     -0.65650     -0.71382 
10.60000     -4.00000      1.42304      1.12980      1.00676      0.88189      0.77647      0.70625      0.19921      0.08005      0.01358     -0.05744     -0.11434     -0.14928     -0.18968     -0.21953     -0.24673     -0.30918     -0.32438     -0.36246     -0.37408     -0.41687     -0.44642     -0.46718     -0.49328     -0.56215     -0.58400     -0.57749 
10.70000      1.84317      1.42724      1.10687      0.96164      0.86699      0.78703      0.72588      0.66554      0.62759      0.10682     -0.01248     -0.07156     -0.09935     -0.15628     -0.21680     -0.21926     -0.27448     -0.30306     -0.31513     -0.34450     -0.37504     -0.42678     -0.42450     -0.46600     -0.47799     -0.52062     -0.54692 
10.80000     -4.00000      1.42087      1.09465      0.92959      0.82795      0.77229      0.72021      0.67452      0.63568      0.60394      0.54475      0.01162     -0.05080     -0.11281     -0.16411     -0.20272     -0.24276     -0.27799     -0.30604     -0.32211     -0.35532     -0.38316     -0.42338     -0.43855     -0.45468     -0.47377     -0.51855 
10.90000     -4.00000      1.24673      1.08270      0.92114      0.43794      0.70460      0.70014      0.66394      0.63503      0.60700      0.56385      0.54480      0.53186      0.47189     -0.05887     -0.17366     -0.20427     -0.23146     -0.27050     -0.32389     -0.33635     -0.36937     -0.38214     -0.39516     -0.40892     -0.45499     -0.49253 
11.00000     -4.00000      1.20815      1.05222      0.91029      0.38204      0.28167      0.21860      0.16993      0.15666      0.57023      0.55905      0.54388      0.52849      0.50328     -0.01294     -0.08061     -0.16914     -0.17272     -0.23997     -0.29289     -0.30330     -0.36609     -0.35495     -0.40030     -0.41126     -0.46238     -0.49494 
11.10000     -4.00000      1.15430      0.70429      0.54929      0.38572      0.27574      0.20732      0.14437      0.10102      0.06716      0.01406     -0.03666     -0.05311     -0.03597     -0.09302     -0.12202     -0.13338     -0.19762     -0.24030     -0.27770     -0.27181     -0.31911     -0.36460     -0.34927     -0.40762     -0.44468     -0.48257 
11.20000     -4.00000      0.86159      0.64083      0.48655      0.36746      0.28232      0.21481      0.14095      0.10266      0.05616     -0.00340     -0.03378     -0.05920     -0.08690     -0.11339     -0.15321     -0.20532     -0.20731     -0.22440     -0.30167     -0.31493     -0.31721     -0.36285     -0.37723     -0.39848     -0.41635     -0.46030 
11.30000     -4.00000      0.81985      0.62601      0.46023      0.34216      0.27251      0.20561      0.14119      0.09201      0.04522     -0.01824     -0.05741     -0.07646     -0.10426     -0.13097     -0.15215     -0.16743     -0.19199     -0.21263     -0.23618     -0.23594     -0.27878     -0.33146     -0.34361     -0.35458     -0.37508     -0.41536 
11.40000     -4.00000      0.84381      0.63084      0.43732      0.30483      0.22928      0.17338      0.12182      0.08170      0.03632     -0.02231     -0.06683     -0.10145     -0.13276     -0.16449     -0.19114     -0.21807     -0.22498     -0.24255     -0.26079     -0.26131     -0.27011     -0.27817     -0.28924     -0.29808     -0.30398     -0.31442 
11.50000     -4.00000      0.75210      0.60731      0.42757      0.27796      0.18019      0.11770      0.06435      0.02310     -0.00848     -0.04376     -0.08316     -0.11222     -0.13719     -0.17865     -0.21100     -0.24628     -0.26444     -0.28026     -0.29724     -0.30432     -0.32139     -0.33682     -0.34577     -0.36205     -0.37001     -0.37418 
11.60000     -4.00000      0.70316      0.59179      0.41654      0.25769      0.16235      0.08855      0.01906     -0.03066     -0.06733     -0.11442     -0.14179     -0.15478     -0.18611     -0.20969     -0.23911     -0.27406     -0.28308     -0.29870     -0.33661     -0.35765     -0.35697     -0.37063     -0.38227     -0.39504     -0.41421     -0.42249 
11.70000     -4.00000      0.58656      0.51676      0.38811      0.25024      0.13540      0.04742     -0.01265     -0.05851     -0.11728     -0.17968     -0.21022     -0.23479     -0.26136     -0.29445     -0.30802     -0.34145     -0.35961     -0.38278     -0.38617     -0.38771     -0.40628     -0.41966     -0.44634     -0.45597     -0.47314     -0.46370 
11.80000     -4.00000      0.70186      0.44028      0.33879      0.22905      0.11856      0.02782     -0.06013     -0.10527     -0.15402     -0.21509     -0.25660     -0.29514     -0.33463     -0.36601     -0.39642     -0.40796     -0.40306     -0.43191     -0.45928     -0.45869     -0.48446     -0.50097     -0.50682     -0.52231     -0.52208     -0.53101 
11.90000     -4.00000      0.48573      0.31031      0.25311      0.14124      0.08820     -0.00167     -0.09171     -0.14784     -0.21626     -0.26750     -0.32159     -0.34049     -0.39471     -0.43424     -0.46327     -0.50058     -0.51967     -0.55919     -0.59513     -0.63455     -0.63949     -0.62219     -0.63174     -0.64141     -0.64870     -0.66633 
12.00000     -4.00000     -4.00000      0.28382      0.15928      0.04375     -0.00781     -0.05059     -0.13833     -0.18398     -0.24906     -0.32954     -0.43994     -0.45417     -0.48764     -0.53718     -0.64492     -0.68573     -0.71084     -0.72202     -0.74010     -0.76254     -0.81701     -0.83647     -0.84501     -0.88545     -0.91122     -0.96127 
12.10000     -4.00000      0.46414      0.23158      0.07023     -0.07669     -0.11448     -0.14509     -0.22832     -0.26276     -0.33015     -0.41466     -0.46429     -0.53028     -0.63230     -0.66212     -0.70374     -0.72865     -0.82176     -0.90449     -1.00388     -1.12802     -1.30429     -1.09439     -1.24351     -1.35519     -1.56196     -1.41293 
12.20000     -4.00000     -4.00000      0.20388      0.01261     -0.21253     -0.31489     -0.35525     -0.44663     -0.50161     -0.55334     -0.54263     -0.59439     -0.59661     -0.75113     -1.01292     -1.03681     -1.17619     -1.30992     -1.48932     -1.55180     -9.00000     -9.00000     -9.00000     -9.00000     -9.00000     -9.00000     -9.00000 
12.30000     -4.00000      0.29336      0.11371     -0.12130     -0.29454     -0.41134     -0.58699     -0.73439     -0.89297     -1.15726     -1.05801     -0.97264     -1.24583     -1.06361     -1.10927     -1.89113     -1.52690     -9.00000     -9.00000     -9.00000     -9.00000     -9.00000     -9.00000     -9.00000     -9.00000     -9.00000     -9.00000 
12.40000     -4.00000     -4.00000     -0.03048     -0.25290     -0.49493     -0.48793     -0.74805     -1.05643     -1.43019     -4.44976     -9.00000     -9.00000     -9.00000     -9.00000     -9.00000     -9.00000     -9.00000     -9.00000     -9.00000     -9.00000     -9.00000     -9.00000     -9.00000     -9.00000     -9.00000     -9.00000     -9.00000 
12.50000     -4.00000     -4.00000      0.01647     -0.32617     -0.51027     -0.77112     -1.07717     -1.52171     -9.00000     -9.00000     -9.00000     -9.00000     -9.00000     -9.00000     -9.00000     -9.00000     -9.00000     -9.00000     -9.00000     -9.00000     -9.00000     -9.00000     -9.00000     -9.00000     -9.00000     -9.00000     -9.00000 
12.60000     -4.00000     -4.00000     -4.00000     -0.52820     -1.80358     -9.00000     -1.73041     -9.00000     -9.00000     -9.00000     -9.00000     -9.00000     -9.00000     -9.00000     -9.00000     -9.00000     -9.00000     -9.00000     -9.00000     -9.00000     -9.00000     -9.00000     -9.00000     -9.00000     -9.00000     -9.00000     -9.00000 
12.70000     -4.00000     -4.00000     -9.00000     -0.44104     -1.41811     -9.00000     -9.00000     -2.32258     -1.52632     -9.00000     -9.00000     -9.00000     -9.00000     -9.00000     -9.00000     -9.00000     -9.00000     -9.00000     -9.00000     -9.00000     -9.00000     -9.00000     -9.00000     -9.00000     -9.00000     -9.00000     -9.00000 
12.80000     -4.00000     -4.00000     -4.00000     -0.58386     -0.71022     -9.00000     -9.00000     -9.00000     -9.00000     -9.00000     -9.00000     -9.00000     -9.00000     -9.00000     -9.00000     -9.00000     -9.00000     -9.00000     -9.00000     -9.00000     -9.00000     -9.00000     -9.00000     -9.00000     -9.00000     -9.00000     -9.00000 
12.90000     -4.00000     -4.00000     -4.00000     -9.00000     -9.00000     -1.46158     -9.00000     -9.00000     -9.00000     -9.00000     -9.00000     -9.00000     -9.00000     -9.00000     -9.00000     -9.00000     -9.00000     -9.00000     -9.00000     -9.00000     -9.00000     -9.00000     -9.00000     -9.00000     -9.00000     -9.00000     -9.00000 
13.00000     -4.00000     -4.00000     -4.00000     -4.00000     -9.00000     -9.00000     -1.74891     -9.00000     -9.00000     -9.00000     -9.00000     -9.00000     -9.00000     -9.00000     -9.00000     -9.00000     -9.00000     -9.00000     -9.00000     -9.00000     -9.00000     -9.00000     -9.00000     -9.00000     -9.00000     -9.00000     -9.00000 
13.10000     -4.00000     -4.00000     -4.00000     -4.00000     -4.00000     -9.00000     -9.00000     -9.00000     -9.00000     -9.00000     -9.00000     -9.00000     -9.00000     -9.00000     -9.00000     -9.00000     -9.00000     -9.00000     -9.00000     -9.00000     -9.00000     -9.00000     -9.00000     -9.00000     -9.00000     -9.00000     -9.00000 
13.20000     -4.00000     -4.00000     -4.00000     -4.00000     -4.00000     -4.00000     -9.00000     -9.00000     -9.00000     -9.00000     -9.00000     -9.00000     -9.00000     -9.00000     -9.00000     -9.00000     -9.00000     -9.00000     -9.00000     -9.00000     -9.00000     -9.00000     -9.00000     -9.00000     -9.00000     -9.00000     -9.00000 
13.30000     -4.00000     -4.00000     -4.00000     -4.00000     -4.00000     -4.00000     -4.00000     -9.00000     -9.00000     -9.00000     -9.00000     -9.00000     -9.00000     -9.00000     -9.00000     -9.00000     -9.00000     -9.00000     -9.00000     -9.00000     -9.00000     -9.00000     -9.00000     -9.00000     -9.00000     -9.00000     -9.00000 
13.40000     -4.00000     -4.00000     -4.00000     -4.00000     -4.00000     -4.00000     -4.00000     -9.00000     -4.00000     -4.00000     -9.00000     -9.00000     -9.00000     -9.00000     -9.00000     -9.00000     -9.00000     -9.00000     -9.00000     -9.00000     -9.00000     -9.00000     -9.00000     -9.00000     -9.00000     -9.00000     -9.00000 
13.50000     -4.00000     -4.00000     -4.00000     -4.00000     -4.00000     -4.00000     -4.00000     -4.00000     -9.00000     -9.00000     -4.00000     -9.00000     -9.00000     -9.00000     -9.00000     -9.00000     -9.00000     -9.00000     -9.00000     -9.00000     -9.00000     -9.00000     -9.00000     -9.00000     -9.00000     -9.00000     -9.00000 
13.60000     -4.00000     -4.00000     -4.00000     -4.00000     -4.00000     -4.00000     -4.00000     -4.00000     -4.00000     -9.00000     -9.00000     -4.00000     -4.00000     -9.00000     -9.00000     -4.00000     -9.00000     -9.00000     -9.00000     -9.00000     -9.00000     -9.00000     -9.00000     -9.00000     -9.00000     -9.00000     -9.00000 
13.70000     -4.00000     -4.00000     -4.00000     -4.00000     -4.00000     -4.00000     -4.00000     -4.00000     -4.00000     -4.00000     -9.00000     -9.00000     -9.00000     -4.00000     -4.00000     -9.00000     -9.00000     -9.00000     -9.00000     -9.00000     -9.00000     -9.00000     -9.00000     -9.00000     -9.00000     -9.00000     -9.00000 
13.80000     -4.00000     -4.00000     -4.00000     -4.00000     -4.00000     -4.00000     -4.00000     -4.00000     -4.00000     -4.00000     -4.00000     -4.00000     -4.00000     -9.00000     -9.00000     -9.00000     -9.00000     -9.00000     -4.00000     -4.00000     -9.00000     -9.00000     -9.00000     -9.00000     -9.00000     -9.00000     -9.00000 
13.90000     -4.00000     -4.00000     -4.00000     -4.00000     -4.00000     -4.00000     -4.00000     -4.00000     -4.00000     -4.00000     -4.00000     -4.00000     -4.00000     -4.00000     -4.00000     -9.00000     -9.00000     -9.00000     -9.00000     -9.00000     -9.00000     -9.00000     -9.00000     -9.00000     -9.00000     -9.00000     -9.00000 
14.00000     -4.00000     -4.00000     -4.00000     -4.00000     -4.00000     -4.00000     -4.00000     -4.00000     -4.00000     -4.00000     -4.00000     -4.00000     -4.00000     -4.00000     -4.00000     -4.00000     -4.00000     -4.00000     -9.00000     -9.00000     -9.00000     -9.00000     -9.00000     -9.00000     -9.00000     -9.00000     -9.00000 
