6 10
0        0.8     2.24      3.38      5.97     10.27     13.58
10.25   -2.0    -2.0      -2.2      -2.2      -2.4      -2.6 
10.75   -1.2    -1.2      -1.4      -1.6      -2.2      -2.4 
11.00   -0.4    -0.6      -1.1      -1.3      -1.8      -2.1
11.25   -0.1    -0.4      -0.7      -0.8      -1.3      -1.8
11.50    0.5     0.2      -0.2      -0.7      -1.0      -1.5 
11.75    0.7     0.4      -0.1      -0.5      -1.0      -1.4 
12.00    0.8     0.47      0.1      -0.5      -1.0      -1.5
12.15    0.8     0.47      0.1      -0.5      -1.0      -2.5  
12.30    0.8     0.4      -0.2      -2.0      -4.0      -4.0 
12.50    0.8     0.2      -2.0      -4.0      -4.0      -4.0   

% z      7       3.0       2.0       1.0       0.3       0 


