6 10
0        0.8       2.24      3.38      5.97     10.27     13.58
10.25    2.00     2.00        2.00      2.00     2.00      2.00 
10.75    1.50     1.50        1.50      1.50     1.50      1.50
11.00    1.00     1.00        1.00      1.00     1.00      1.00
11.25    0.50     0.50        0.50      0.50     0.50      0.50
11.50    0.00     0.00        0.00      0.00     0.00      0.00
11.75   -0.50    -0.50       -0.50     -0.50    -0.50     -0.50
12.00   -1.00    -1.00       -1.00     -1.00    -1.00     -1.00
12.15   -1.30    -1.30       -1.30     -1.30    -1.30     -1.30
12.30   -1.60    -1.60       -1.60     -1.60    -1.60     -1.60
12.50    -2       -2        -2         -2         -2        -2

% z      7       3.0       2.0       1.0       0.3       0 


