6 10
0        0.8       2.24      3.38      5.97     10.27     13.58
10.25   0.9208    0.4737    0.2950    0.0479   -0.1877   -0.3090 
10.75   0.9208    0.4737    0.2950    0.0479   -0.1877   -0.3090
11.00   0.9208    0.4737    0.2950    0.0479   -0.1877   -0.3090
11.25   0.9208    0.4737    0.2950    0.0479   -0.1877   -0.8
11.50   0.9208    0.4737    0.2950    -0.5       -0.7        -2
11.75   0.9208    -0.1        -0.2        -1       -1.5        -4
12.00    0.5      -0.5        -0.7        -4       -4        -4
12.15    -1       -1        -1        -4       -4        -4
12.30    -4       -4        -4        -4       -4        -4
12.50    -4       -4        -4        -4       -4        -4

% z      7       3.0       2.0       1.0       0.3       0 
