6 9
0.00    0.80  2.24  3.38  5.97  10.27  13.58     
10.25  -2.10  -2.50  -2.80  -2.80  -2.80  -2.80
10.75  -1.90  -2.40  -2.40  -2.40  -2.40  -2.40
11.00  -0.90  -1.30  -1.90  -2.10  -2.10  -2.10
11.25  -0.20  -0.90  -1.50  -1.60  -1.80  -2.00
11.50   0.10  -0.70  -1.00  -1.40  -1.70  -1.80 
11.75   0.30  -0.50  -0.70  -1.30  -1.70  -1.80 
12.00   0.10  -0.70  -0.70  -1.30  -1.80  -2.00 
12.25  -0.20  -0.70  -1.30  -1.50  -2.00  -4.00 
12.50  -0.70  -1.70  -2.00  -4.00  -4.00  -4.00      

% z      7     3.0    2.0    1.0    0.3     0 


